
shizhi2= [-0.022425249169435182, -0.09855564995751913, -0.11404335532516485, 0.01595744680851067, -0.10575916230366507, 0.01405152224824367, 0.026558891454965407, -0.055118110236220486, 0.05119047619047617, -0.029445073612684013, 0.06417736289381551, -0.016447368421052478, 0.013377926421404594, -0.0066006600660066545, 0.027685492801771874, -0.05172413793103433, -0.009090909090909094, -0.005733944954128526, -0.02998846597462512, -0.014268727705113077, -0.0024125452352230983, 0.03385731559854911, -0.012865497076023531, -0.008293838862559282, -0.014336917562723926, 0.0303030303030303, 0.002352941176470548, 0.03286384976525835, -0.015909090909090973, 0.042725173210161574, -0.01993355481727572, 0.007909604519774035, 0.016816143497757886, -0.017640573318632863, 0.015712682379349124, -0.0033149171270719403, -0.022172949002217213, -0.0034013605442178066, -0.019340159271899877, 0.02088167053364287, 0.020454545454545416, -0.010022271714922027, -0.0033745781777279136, 0.03386004514672694, 0.010917030567685554, 0.016198704103671753, 0.02019128586609983, -0.020833333333333252, -0.021276595744680958, -0.0076086956521737425, 0.0, 0.008762322015334079, -0.006514657980456088, 0.03497267759562845, -0.004223864836325322, 0.0010604453870625406, 0.04661016949152556, 0.02024291497975702, 0.05257936507936502, -0.016022620169651267, -0.0019157088122604958, 0.014395393474088315, 0.08230842005676434, -0.02185314685314686, 0.023235031277926706, 0.0017467248908298219, 0.00871839581516997, -0.02074330164217807, -0.018534863195057445, -0.08183453237410057, -0.00881488736532827, -0.04446640316205527, -0.0010341261633919092, 0.03209109730848866, -0.02306920762286865, 0.003080082135523546, 0.05731832139201641, -0.017424975798644694, -0.017733990147783218, 0.02407221664994987, -0.001958863858961928, 0.03532875368007862, -0.06635071090047404, 0.011167512690355446, -0.014056224899598445, 0.020366598778004005, -0.007984031936127744, 0.02716297786720336, -0.009794319294809154, -0.024727992087042527, 0.025354969574036507, -0.023738872403560853, 0.02431610942249242, 0.0049455984174085815, 0.09448818897637784, -0.04766187050359707, -0.029272898961284283, -0.02626459143968868, -0.021978021978022042, -0.020429009193054067, 0.031282586027111654, 0.002022244691607647, 0.012108980827446944, -0.012961116650049754, 0.021212121212121113, -0.002967359050445047, -0.0466269841269842, -0.10509885535900104, 0.015116279069767539, 0.019473081328751415, 0.013483146067415644, 0.012195121951219644, -0.016429353778751404, -0.02783964365256124, 0.010309278350515441, -0.011337868480725585, -0.005733944954128526, -0.0611303344867358, -0.024570024570024593, 0.010075566750629613, 0.012468827930174516, 0.01354679802955679, -0.02308626974483612, -0.03731343283582077, -0.07235142118863055, 0.006963788300835754, -0.07192254495159066, 0.032786885245901586, -0.0606060606060606, 0.02918586789554537, -0.004477611940298548, 0.03298350824587703, -0.037735849056603744, 0.03469079939668181, -0.05102040816326538, 0.004608294930875616, 0.030581039755351713, -0.007418397626112734, 0.014947683109118027, 0.044182621502209106, 0.011283497884344157, -0.08786610878661086, 0.013761467889908235, 0.033182503770739044, 0.02919708029197084, -0.021276595744680774, 0.03623188405797101, -0.0615384615384616, 0.020864381520119175, 0.026277372262773824, -0.012802275960170672, -0.024495677233429512, 0.002954209748892233, 0.07216494845360828, 0.015109890109890037, -0.021650879566982303, 0.00276625172890726, -0.004137931034482789, 0.03739612188365658, 0.03204272363150871, 0.027166882276843458, -0.02015113350125946, 0.06940874035989719, 0.025240384615384505, -0.02930832356389215, 0.03502415458937209, 0.008168028004667472, -0.03240740740740753, -0.06698564593301433, -0.0089743589743589, -0.05304010349288489, -0.025956284153005518, -0.008415147265077083, 0.015558698727015489, -0.030640668523676848, 0.020114942528735587, 0.03239436619718315, -0.010914051841746254, -0.0179310344827586, -0.026685393258427025, 0.0057720057720057755, 0.007173601147776169, -0.009971509971509883, -0.053237410071942465, 0.0, 0.018237082066869314, -0.01791044776119405, 0.033434650455927015, 0.004411764705882384, -0.02196193265007326, -0.023952095808383256, -0.0030674846625766286];
